0 22 1 2 2 4 4 2 3 3 3 4 0 0 15 -1 
0 22 1 2 2 4 4 2 3 3 3 4 0 0 15 -1 
4 22 1 1 2 2 4 2 3 3 3 4 0 0 14 -1 
4 20 1 1 2 2 4 1 3 3 3 4 0 0 13 -1 
8 20 1 1 2 2 4 1 3 3 3 4 0 0 12 -1 
8 21 1 1 2 2 4 3 3 3 4 4 0 0 11 -1 
12 21 1 1 2 2 5 3 3 3 4 4 0 0 10 -1 
12 18 1 1 2 2 5 3 3 4 4 5 0 0 9 -1 
17 18 1 1 1 2 2 3 3 4 4 5 0 0 8 -1 
17 22 1 1 1 2 2 3 3 4 5 5 0 0 7 -1 
19 22 1 1 1 2 2 3 3 4 5 5 0 0 6 -1 
19 22 1 1 1 2 2 3 3 4 5 5 0 1 5 1 
0 22 3 3 3 4 4 1 1 3 4 5 0 1 15 -1 
4 22 2 3 3 3 4 1 1 3 4 5 0 1 14 -1 
4 21 2 3 3 3 4 1 2 3 4 5 0 1 13 -1 
8 21 2 3 3 3 5 1 2 3 4 5 0 1 12 -1 
8 22 2 3 3 3 5 2 3 4 4 5 0 1 11 -1 
13 22 1 2 3 3 3 2 3 4 4 5 0 1 10 -1 
13 20 1 2 3 3 3 3 4 4 5 5 0 1 9 -1 
16 20 1 1 2 3 3 3 4 4 5 5 0 1 8 -1 
16 17 1 1 2 3 3 2 4 4 5 5 0 1 7 -1 
16 17 1 2 2 3 3 2 4 4 5 5 1 1 6 0 
0 22 1 2 4 4 5 1 1 2 3 4 1 1 15 -1 
0 21 1 2 4 4 5 1 2 3 3 4 1 1 14 -1 
5 21 1 2 4 4 5 1 2 3 3 4 1 1 13 -1 
5 22 1 2 4 4 5 1 2 3 3 4 1 1 12 -1 
10 22 1 1 2 4 4 1 2 3 3 4 1 1 11 -1 
10 21 1 1 2 4 4 2 3 3 4 5 1 1 10 -1 
14 21 1 1 2 2 4 2 3 3 4 5 1 1 9 -1 
14 19 1 1 2 2 4 3 3 4 5 5 1 1 8 -1 
18 19 1 1 2 2 4 3 3 4 5 5 1 1 7 -1 
18 22 1 1 2 2 4 3 3 4 5 5 1 1 6 -1 
18 22 1 1 2 2 2 3 3 4 5 5 2 1 5 0 
0 22 2 2 3 4 5 1 1 3 4 5 2 1 15 -1 
5 22 2 2 2 3 4 1 1 3 4 5 2 1 14 -1 
5 21 2 2 2 3 4 1 3 4 5 5 2 1 13 -1 
9 21 2 2 2 2 3 1 3 4 5 5 2 1 12 -1 
9 22 2 2 2 2 3 3 3 4 5 5 2 1 11 -1 
12 22 2 2 2 2 4 3 3 4 5 5 2 1 10 -1 
12 19 2 2 2 2 4 3 4 5 5 5 2 1 9 -1 
16 19 2 2 2 2 2 3 4 5 5 5 2 1 8 -1 
16 22 2 2 2 2 2 1 4 5 5 5 2 1 7 -1 
18 22 1 2 2 2 2 1 4 5 5 5 2 1 6 -1 
18 21 1 2 2 2 2 4 4 5 5 5 2 1 5 -1 
20 21 1 2 2 2 3 4 4 5 5 5 2 1 4 -1 
20 21 1 2 2 2 3 4 4 5 5 5 3 1 4 3 1 
0 22 1 2 3 4 4 2 2 4 4 5 3 1 15 -1 
0 20 1 2 3 4 4 2 3 4 4 5 3 1 14 -1 
4 20 1 2 3 3 4 2 3 4 4 5 3 1 13 -1 
4 22 1 2 3 3 4 3 4 4 5 5 3 1 12 -1 
8 22 1 2 3 3 3 3 4 4 5 5 3 1 11 -1 
8 19 1 2 3 3 3 4 4 4 5 5 3 1 10 -1 
11 19 1 2 3 3 5 4 4 4 5 5 3 1 9 -1 
11 15 1 2 3 3 5 2 4 4 5 5 3 1 8 -1 
14 15 1 1 2 3 5 2 4 4 5 5 3 1 7 -1 
14 20 1 1 2 3 5 2 2 4 4 5 3 1 6 -1 
19 20 1 1 1 2 3 2 2 4 4 5 3 1 5 -1 
19 22 1 1 1 2 3 2 4 4 5 5 3 1 4 -1 
19 22 1 1 1 1 2 2 4 4 5 5 4 1 3 0 
0 22 3 3 4 5 5 1 3 4 5 5 4 1 15 -1 
5 22 1 3 3 4 5 1 3 4 5 5 4 1 14 -1 
5 21 1 3 3 4 5 1 3 4 5 5 4 1 13 -1 
10 21 1 1 3 3 4 1 3 4 5 5 4 1 12 -1 
10 22 1 1 3 3 4 3 4 4 5 5 4 1 11 -1 
14 22 1 1 3 3 3 3 4 4 5 5 4 1 10 -1 
14 19 1 1 3 3 3 3 4 4 5 5 4 1 9 -1 
17 19 1 1 2 3 3 3 4 4 5 5 4 1 8 -1 
17 22 1 1 2 3 3 4 4 4 5 5 4 1 7 -1 
20 22 1 1 1 2 3 4 4 4 5 5 4 1 6 -1 
20 22 1 1 1 2 3 4 4 4 5 5 5 1 6 3 1 
0 22 1 3 4 5 5 1 2 3 3 5 5 1 15 -1 
0 22 1 3 4 5 5 1 2 3 3 5 5 1 15 -1 
